2100
2103
2110
2111
2117
2119
2121
2125
2129
2130
2132
2133
2134
2165
2166
2193
2194
2197
2199
2202
2212
2214
2215
2220
2224
2237
2242
2245
2248
2250
2263
2265
2269
2272
2282
2287
2292
2298
2312
2336
2344
2347
2351
2352
2353
2362
2363
2378
2382
2391
2398
2399
2427
2434
2441
2444
2445
2448
2460
2470
2484
2487
2495
2497
2505
2507
2509
2512
2513
2522
2527
2528
2530
2541
2542
2543
2566
2569
2571
2583
2588
2608
2610
2618
2620
2625
2640
2646
2647
2671
2672
2677
2679
2682
2683
2701
2730
2731
2740
2744
2764
2771
2774
2775
2781
2783
2784
2788
2790
2795
2796
2810
2819
2835
2857
2864
2869
2884
2901
2915
2928
2935
2937
2947
2948
2958
2971
2978
2986
2994
3010
3016
3032
3034
3044
3054
3056
3067
3068
3069
3075
3088
3091
3095
3096
3098
3107
3114
3121
3136
3139
3143
3146
3147
3155
3156
3173
3174
3187
3195
3203
3207
3241
3242
3252
3256
3266
3293
3303
3308
3312
3325
3327
3329
3337
3340
3348
3369
3377
3387
3396
3399
3403
3425
3436
3437
3440
3444
3445
3448
3451
3452
3465
3466
3485
3489
3493
3498
3499
3501
3507
3516
3517
3518
3519
3523
3528
3541
3543
3560
3561
3573
3583
3589
3605
3613
3622
3628
3630
3631
3636
3654
3655
3656
3658
3665
3678
3687
3701
3708
3729
3730
3740
3742
3744
3750
3751
3762
3766
3770
3774
3780
3782
3783
3789
3822
3829
3844
3850
3856
3864
3866
3867
3873
3874
3904
3911
3931
3943
3962
3977
3979
3991
3993
3999
4003
4005
4006
4008
4010
4018
4069
4080
4084
4086
4087
4111
4119
4144
4149
4150
4163
4173
4193
4200
4206
4211
4216
4220
4222
4225
4231
4236
4239
4244
4256
4270
4272
4287
4288
4305
4322
4327
4338
4367
4373
4376
4378
4379
4389
4407
4411
4412
4414
4418
4421
4423
4430
4433
4437
4440
4442
4448
4461
4463
4467
4473
4474
4476
4482
4495
4507
4511
4519
4523
4527
4542
4558
4564
4572
4574
4575
4576
4584
4590
4608
4610
4621
4629
4630
4634
4652
4663
4668
4680
4728
4736
4737
4747
4774
4780
4795
4798
4823
4824
4825
4850
4858
4875
4907
4908
4910
4923
4926
4942
4979
4984
4990
4992
4993
5007
5012
5020
5025
5030
5033
5060
5082
5091
5107
5115
5121
5132
5175
5179
5184
5190
5221
5223
5231
5241
5244
5275
5281
5282
5302
5312
5328
5338
5340
5345
5352
5355
5359
5361
5386
5390
5393
5421
5432
5433
5438
5452
5471
5479
5481
5485
5488
5497
5500
5505
5509
5514
5519
5524
5527
5540
5545
5551
5552
5553
5561
5569
5574
5616
5618
5622
5633
5641
5655
5660
5666
5670
5680
5696
5698
5738
5757
5773
5813
5815
5840
5845
5857
5883
5891
5900
5948
5953
5966
5967
5968
5982
5984
5989
5995
5998
6006
6013
6020
6057
6060
6066
6079
6111
6112
6120
6145
6154
6155
6158
6160
6178
6181
6182
6200
6210
6233
6245
6251
6256
6257
6270
6271
6282
6287
6296
6298
6312
6314
6315
6322
6324
6325
6327
6328
6332
6357
6362
6363
6420
6422
6423
6424
6428
6446
6452
6464
6468
6501
6504
6511
6518
6520
6528
6529
6534
6537
6552
6557
6578
6581
6600
6607
6623
6634
6637
6641
6643
6648
6650
6670
6680
6682
6701
6712
6715
6727
6731
6742
6745
6758
6760
6761
6768
6776
6777
6797
6806
6809
6820
6842
6844
6845
6860
6862
6869
6892
6893
6926
6936
6947
6960
6962
6978
6996
7007
7022
7057
7074
7083
7086
7088
7090
7092
7105
7113
7116
7120
7130
7136
7142
7160
7164
7206
7211
7212
7226
7244
7267
7279
7280
7307
7317
7335
7336
7345
7350
7352
7354
7359
7363
7374
7379
7397
7400
7403
7408
7409
7421
7427
7428
7447
7448
7452
7459
7462
7463
7465
7471
7491
7501
7502
7503
7505
7512
7517
7531
7537
7549
7551
7562
7567
7600
7616
7629
7636
7638
7646
7654
7656
7657
7663
7664
7672
7680
7699
7712
7713
7723
7737
7755
7771
7780
7787
7793
7795
7802
7816
7817
7835
7851
7855
7856
7858
7868
7872
7881
7887
7895
7898
7919
7953
7956
7959
7964
7975
7980
7984
7988
7990
8082
8111
8112
8185
8248
8273
8298
8334
8352
8353
8377
8378
8444
8446
8448
8461
8493
8522
8558
8627
8635
8647
8658
8722
8731
8742
8743
8787
8788
8811
8883
8887
8889
8899
8941
8989
8991
